201 363.62003 596.72125 495.38943 
202 355.005 584.7142 492.6492 
203 397.97208 625.71326 510.36136 
204 431.7802 641.522 551.2321 
205 378.30066 692.8215 530.9026 
206 357.0778 670.4685 528.06177 
207 492.96338 643.2432 571.65344 
208 460.79715 698.96515 576.56305 
209 419.0937 654.18945 562.84216 
210 420.41333 675.5147 562.4498 
211 496.84778 699.9377 602.9434 
212 392.7717 674.0823 583.1424 
213 467.11255 706.1412 611.25305 
214 515.0774 734.8304 631.5736 
215 497.228 723.09784 634.84845 
216 545.4158 719.2696 639.5436 
217 595.0697 742.0982 644.4392 
218 546.25555 758.2038 666.4402 
219 524.3053 734.5075 636.42126 
220 512.57446 755.50916 651.2533 
221 507.30374 793.1219 659.52313 
222 528.83606 744.124 666.65436 
223 584.7561 777.6086 678.9147 
224 552.16254 766.63385 691.4435 
225 578.2242 793.3772 675.27545 
226 581.34125 746.73584 673.3965 
227 562.42566 797.21747 677.9663 
228 569.621 793.7928 698.5231 
229 597.0876 778.7884 712.1521 
230 621.7249 761.10315 703.8869 
231 611.5974 771.52747 698.8825 
232 591.8809 774.5721 697.37354 
233 620.64667 819.0295 709.6288 
234 612.95557 777.61584 707.63025 
235 567.70135 788.9827 711.7903 
236 646.6813 789.4065 705.5941 
237 634.85834 782.5137 727.0308 
238 638.7689 792.46954 718.0781 
239 669.62274 782.82355 718.7389 
240 628.2799 767.73016 705.87885 
241 587.4583 789.0292 705.5965 
242 627.8209 782.73285 734.6986 
243 647.6013 788.1863 735.3359 
244 643.796 792.96265 718.59393 
245 681.4923 800.0942 731.13873 
246 667.3011 786.2405 722.31635 
247 629.6852 789.75934 709.38806 
248 574.8402 787.7028 713.2009 
249 616.9706 795.15375 724.22656 
250 510.78864 817.7802 700.77966 
251 573.9115 786.24036 716.60095 
252 546.51263 821.53094 723.91406 
253 613.0389 796.96765 735.72394 
254 666.0579 797.3044 750.2213 
255 678.05414 788.139 742.1802 
256 683.5981 811.4733 743.3834 
257 669.1671 801.14514 739.12933 
258 598.7502 837.1034 728.0722 
259 677.4832 798.15533 751.6959 
260 673.6498 817.5126 748.5273 
261 678.3449 822.73694 742.0743 
262 674.57605 795.0415 739.9674 
263 669.14575 820.3825 745.5799 
264 655.25415 780.1237 730.1933 
265 642.6776 803.17303 737.8451 
266 544.9844 813.83575 724.571 
267 660.7016 786.2197 724.6873 
268 569.5668 829.8279 744.1898 
269 628.09015 789.5638 713.48193 
270 597.97845 803.3607 725.4691 
271 661.54126 808.0826 731.05585 
272 647.2767 819.77997 738.1135 
273 641.82367 800.17126 744.0766 
274 639.61566 794.30084 734.6901 
275 683.5695 821.172 743.4017 
276 603.1516 811.36395 738.27014 
277 636.87274 811.12225 728.0508 
278 635.4475 817.2366 755.0187 
279 671.4155 804.0841 748.2316 
280 659.64716 828.58325 743.87994 
281 645.97064 792.5786 725.99414 
282 570.8594 822.7313 717.80707 
283 655.71875 793.80835 731.3527 
284 668.40204 804.65045 731.33417 
285 618.0809 803.02734 723.38007 
286 692.0223 832.07 743.1295 
287 613.29877 810.7754 724.33 
288 631.9997 802.31464 714.37213 
