0 -2.1451228 26.924494 8.657906 
1 -1.4369993 23.781708 8.769934 
2 0.60444796 37.189674 11.033428 
3 1.4641509 33.49449 12.412821 
4 0.26333016 24.192308 13.480775 
5 -0.0063372995 32.360065 12.783732 
6 3.1753137 40.564037 18.560179 
7 4.9678226 37.253464 18.496138 
8 1.0175971 48.327198 23.76554 
9 7.1493306 62.584793 25.865795 
10 6.108826 54.3106 26.825047 
11 16.109867 68.32564 33.503952 
12 7.031983 52.1006 29.324911 
13 22.602297 103.98202 39.552177 
14 18.309406 79.36659 38.872547 
15 21.534391 91.4558 45.440277 
16 12.839432 79.53921 41.11671 
17 18.431744 96.82222 49.5574 
18 21.091309 111.210815 54.963985 
19 31.58063 136.60973 77.5348 
20 26.941666 121.82992 75.77136 
21 15.962576 120.44642 68.610344 
22 24.437023 154.52118 79.54902 
23 31.493462 153.39902 87.53315 
24 40.019875 184.15454 99.373375 
25 41.71744 145.18578 96.67904 
26 38.65048 199.17006 101.55233 
27 26.936977 165.24844 105.21386 
28 32.769894 193.15399 106.02955 
29 65.67671 189.17662 117.86063 
30 82.75181 235.15337 126.41948 
31 72.21741 196.04272 134.29842 
32 42.730362 194.44125 125.421394 
33 64.18944 257.26245 151.01817 
34 65.56473 233.48282 160.4842 
35 90.61599 204.5244 144.69247 
36 103.05222 235.37653 155.72766 
37 86.73046 304.49762 164.45653 
38 109.02805 254.0203 174.9972 
39 68.26502 251.60783 185.41747 
40 84.34614 240.93918 169.61742 
41 46.13452 238.6885 169.72737 
42 80.73987 298.92303 178.87387 
43 85.37947 266.85376 182.19327 
44 78.06538 281.1087 193.78867 
45 110.77819 285.27167 208.39151 
46 113.83272 271.9228 206.73116 
47 111.61348 300.72516 203.86197 
48 127.76333 312.28253 210.79819 
49 118.67128 353.2719 223.69502 
50 151.82057 323.42316 243.10878 
51 118.16221 311.91238 230.43086 
52 116.706924 293.1186 214.66194 
53 133.75993 313.26343 221.93105 
54 147.9181 358.3997 222.89922 
55 138.19669 317.94638 242.95377 
56 134.3827 317.28802 252.2869 
57 61.558224 325.35788 211.24919 
58 154.72154 318.07162 228.61205 
59 98.64348 392.7215 263.4256 
60 109.44763 316.63983 242.12422 
61 144.157 315.36096 245.10562 
62 158.95555 360.024 245.7768 
63 192.28357 376.2984 269.29535 
64 170.99368 315.666 249.9252 
65 153.0819 346.74652 261.86658 
66 162.08998 360.53836 262.34332 
67 161.6135 398.38437 266.35995 
68 184.8126 396.7034 274.8862 
69 160.12132 369.10397 264.4533 
70 184.48709 358.36124 258.8987 
71 199.1765 333.65192 272.5378 
72 162.72832 400.45917 270.21844 
73 199.78453 355.3457 277.49802 
74 180.75879 381.21103 275.97653 
75 139.5678 351.56735 265.28604 
76 107.10176 417.60495 283.86554 
77 173.2278 355.42944 283.12964 
78 212.6551 417.52362 276.35385 
79 192.54344 432.06174 286.79758 
80 138.0059 402.55896 287.45657 
81 142.61516 487.72662 283.83 
82 114.20424 393.17368 306.67892 
83 162.62425 400.48688 313.04776 
84 183.99066 379.00528 282.05933 
85 211.37381 405.1969 316.73828 
86 211.83716 383.0394 297.66586 
87 220.59581 387.14343 313.13693 
88 143.66452 402.5532 298.2944 
89 222.78644 396.5979 301.23865 
90 229.64612 390.9333 326.36932 
91 205.18018 407.97208 319.1978 
92 212.9709 385.66382 319.17047 
93 163.00914 374.99167 311.1931 
94 185.36458 366.07428 277.99744 
95 176.09827 390.46768 288.98923 
96 229.94606 397.44986 308.65225 
97 220.28372 389.89764 320.91544 
98 166.00604 434.09534 302.70953 
99 205.7319 466.85608 324.6219 
100 213.27885 412.68228 311.1094 
101 180.24728 425.785 321.20596 
102 226.37161 389.89993 310.25082 
103 223.96497 408.85287 311.03827 
104 223.2904 393.7625 321.6042 
105 232.48285 382.44308 306.10376 
106 251.76009 423.17325 329.6779 
107 206.25824 395.6095 309.2012 
108 188.63373 387.09753 308.14154 
109 212.71628 435.9833 312.5762 
110 204.0304 413.7644 343.73044 
111 248.26541 395.08026 325.7172 
112 135.43553 459.4284 307.73648 
113 272.714 387.77707 329.8126 
114 190.4424 384.62698 314.59177 
115 226.79524 401.44244 318.04535 
116 216.587 404.62866 325.78876 
117 214.8841 388.943 311.88165 
118 258.82077 431.34122 342.57047 
119 220.93263 401.74612 326.51196 
120 205.07663 365.34372 308.75903 
121 234.64308 432.1639 330.93787 
122 213.90247 431.24408 330.88818 
123 245.0779 416.03467 335.05432 
124 204.9084 455.76974 338.70734 
125 258.64056 409.9476 340.71255 
126 228.57133 463.23087 352.01962 
127 191.83768 432.90308 332.37656 
128 241.57985 413.0376 336.3197 
129 224.11037 476.2631 356.59775 
130 243.41934 402.8957 344.01065 
131 246.36702 469.06067 361.11154 
132 235.04985 511.14542 363.5601 
133 175.48874 459.39957 349.6845 
134 246.7319 476.0097 357.07382 
135 255.54303 435.9597 375.01434 
136 244.97594 469.5075 368.2963 
137 281.49924 475.04428 357.84692 
138 273.82266 429.12305 363.63144 
139 266.6563 425.665 344.7638 
140 261.01593 455.82556 363.68958 
141 214.54225 457.17676 356.221 
142 268.83783 479.2632 377.3074 
143 243.68707 498.3294 378.7616 
144 280.5765 508.15533 378.8588 
145 211.0475 475.40225 374.6848 
146 278.42456 458.43448 380.34167 
147 236.01216 458.84158 376.05444 
148 270.24808 516.6527 368.88745 
149 234.59367 447.55408 369.4296 
150 301.74445 467.2229 380.0768 
151 268.7035 527.5413 376.41837 
152 140.71523 478.9395 373.51257 
153 191.54941 479.40625 380.65244 
154 252.14113 546.02496 386.17056 
155 246.41551 468.4337 379.84277 
156 284.55096 491.76868 387.3812 
157 224.65546 514.72925 377.86298 
158 240.12848 527.1354 379.44574 
159 296.09183 451.78455 381.66187 
160 163.13696 481.43753 365.59335 
161 296.16214 499.88647 397.55792 
162 236.36281 453.18915 377.63425 
163 264.6988 449.20795 373.94473 
164 311.96286 454.86774 382.59384 
165 305.26846 499.57834 379.99265 
166 292.09778 480.01648 394.4537 
167 317.68073 472.29218 392.7399 
168 274.6368 456.48294 366.83356 
169 263.2313 489.60342 382.36688 
170 333.85867 489.44324 408.61563 
171 268.99838 474.97043 379.77823 
172 279.50467 506.8371 393.59222 
173 305.1504 461.3108 384.73798 
174 257.1128 492.71866 399.58496 
175 296.77588 501.09674 385.24033 
176 305.07776 469.18808 378.7119 
177 338.36234 461.01065 394.68976 
178 288.7959 475.6676 390.3709 
179 296.41125 472.32568 390.70023 
180 267.57098 474.38544 392.982 
181 290.89328 496.0702 389.384 
182 300.35504 495.4478 407.4245 
183 329.02673 465.84628 410.87518 
184 281.70322 488.02222 397.75858 
185 289.42496 519.082 394.50388 
186 310.32693 523.06305 403.10516 
187 281.4786 475.95096 394.73727 
188 305.28085 496.99063 412.91528 
189 307.0768 465.29346 416.11578 
190 312.0783 463.10504 413.54492 
191 278.5318 497.00378 402.2617 
192 301.06012 493.66052 415.92133 
193 253.03442 487.37827 413.0732 
194 346.1578 507.3532 403.43237 
195 348.56607 487.14938 405.148 
196 329.165 492.7738 406.86542 
197 339.20645 450.61426 405.29434 
198 330.52005 482.84216 411.0463 
199 291.58124 518.7411 395.26074 
200 313.76126 479.53668 393.83688 
